21fc80 2 4 16 -1 4001b388
21fc84 0 -1 4 0 0
21fc8c 2 2 28 -1 4001b378
21fc90 2 3 16 -1 4001b3af
21fc94 0 -1 16 2 0
21fc98 0 -1 3 0 0
21fcc0 0 2 16 -1 0
21fcc4 0 2 2 -1 0
21fcc8 0 -1 2 0 0
21fcd8 0 2 0 -1 0
21fcdc 0 -1 16 0 0
21fce0 0 -1 16 0 0
21fce4 0 -1 16 0 0
21fce8 0 -1 16 2 0
21fcec 0 -1 28 16 0
21fcf0 2 31 29 -1 4001b391
21fcf4 2 16 29 -1 4001b390
21fcf8 0 29 29 -1 0
21fcfc 0 -1 31 -1 0
21fc8c 2 2 28 -1 4000d4e4
21fc90 2 3 16 -1 4000d4e8
21fc94 0 -1 16 2 0
21fc98 0 -1 3 0 0
21fcc0 0 2 16 -1 0
21fcc4 0 2 2 -1 0
21fcc8 0 -1 2 0 0
21fcd8 0 2 0 -1 0
21fcdc 0 -1 16 0 0
21fce0 0 -1 16 0 0
21fce4 0 -1 16 0 0
21fce8 0 -1 16 2 0
21fcec 0 -1 28 16 0
21fcf0 2 31 29 -1 4001b388
21fcf4 2 16 29 -1 4001b378
21fcf8 0 29 29 -1 0
21fcfc 0 -1 31 -1 0
200658 2 4 17 -1 4000d50f
20065c 0 31 -1 -1 0
22c0e8 0 29 29 -1 0
22c0ec 0 -1 29 31 0
22c0f0 0 -1 4 0 0
22c0f4 0 31 -1 -1 0
236280 0 29 29 -1 0
236284 0 -1 29 31 0
236288 0 -1 4 0 0
23628c 2 3 28 -1 4000d50f
236290 0 -1 3 0 0
2362a4 2 2 28 -1 400160b8
2362a8 0 -1 2 0 0
2362c0 0 31 -1 -1 0
235e28 2 10 28 -1 40013c30
235e2c 0 29 29 -1 0
235e30 1 6 0 4 0
235e34 0 -1 29 31 0
235e38 0 -1 29 19 0
235e3c 0 -1 29 18 0
235e40 0 -1 29 17 0
235e44 0 -1 29 16 0
235e48 0 2 6 10 0
235e4c 0 -1 2 -1 0
235e54 0 5 2 -1 0
235e58 0 16 5 -1 0
235e5c 2 7 28 -1 40013c00
235e60 0 2 16 -1 0
235e64 1 2 2 16 0
235e68 0 11 2 -1 0
235e6c 1 8 11 7 0
235e70 2 9 8 -1 4000d550
235e74 0 -1 9 0 0
2360e0 2 4 28 -1 4000d4d8
2360e4 2 3 8 -1 4001b378
2360e8 0 2 5 -1 0
2360ec 1 2 2 10 0
2360f0 2 5 28 -1 4001b388
2360f4 0 3 9 3 0
2360f8 1 7 2 3 0
2360fc 2 3 28 -1 40013350
236100 0 10 0 -1 0
236104 0 4 4 -1 0
236108 0 -1 28 4 0
23610c 2 4 28 -1 4000d45c
236110 0 2 9 10 0
236114 0 3 3 2 0
236118 0 -1 28 3 0
23611c 2 3 8 -1 400160a0
236120 0 4 4 -1 0
236124 1 2 2 5 0
236128 0 -1 28 2 0
23612c 0 2 0 -1 0
236130 0 -1 28 4 0
236134 0 4 9 2 0
236138 0 2 4 -1 0
23613c 0 -1 3 2 0
2361e4 0 -1 3 0 0
2361e8 2 2 7 -1 4001b3a0
2361ec 0 -1 6 2 0
2361f0 0 -1 6 7 0
2361f4 0 -1 7 6 0
2361f8 2 2 6 -1 4000caa4
2361fc 0 -1 2 0 0
